FID,GEOID10,ZCTA5CE10,CLASSFP10,MTFCC10,FUNCSTAT10,ALAND10,AWATER10,INTPTLAT10,INTPTLON10,Shape_Leng,Shape_Area,GEOG_UNIT,Cases,cases_nume,zcta,pop_total,White,Hispanic_o,Black_or_A,Asian,American_I,Two_or_mor,pct_nonwhi,pct_black,pct_latinx,pct_asian,pct_native,largest_mi,cases_per_,index_righ,year,geoid,name,variable,estimate,moe
0,55001,55001,B5,G6350,S,68259462.000000000000000,2608491.000000000000000,+44.8987758,-092.8191076,39427.686285499999940,70811629.510100007057190,55001,10,10.000000000000000,55001,3019.000000000000000,2737.000000000000000,79.000000000000000,40.000000000000000,107.000000000000000,0.000000000000000,55.000000000000000,0.093408413381915,0.013249420337860,0.026167605167274,0.035442199403776,0.000000000000000,asian,3.312355084465055,81.000000000000000,2018,55001,ZCTA5 55001,median_hh_income,114453,9561
1,55003,55003,B5,G6350,S,5404605.000000000000000,2877528.000000000000000,+45.0116248,-092.7791627,14563.009541800000079,8275577.940170000307262,55003,12,12.000000000000000,55003,4262.000000000000000,3027.000000000000000,129.000000000000000,632.000000000000000,34.000000000000000,185.000000000000000,254.000000000000000,0.289770061004223,0.148287189113092,0.030267480056312,0.007977475363679,0.043406851243548,black,2.815579540122009,81.000000000000000,2018,55003,ZCTA5 55003,median_hh_income,79107,7719
2,55005,55005,B5,G6350,S,49968324.000000000000000,2427079.000000000000000,+45.3961066,-093.2184645,57466.145321600000898,52353897.249899998307228,55005,8,8.000000000000000,55005,4623.000000000000000,4397.000000000000000,35.000000000000000,42.000000000000000,44.000000000000000,0.000000000000000,105.000000000000000,0.048886004758815,0.009085009733939,0.007570841444949,0.009517629245079,0.000000000000000,asian,1.730478044559810,1.000000000000000,2018,55005,ZCTA5 55005,median_hh_income,85750,12652
3,55009,55009,B5,G6350,S,315288552.000000000000000,6644398.000000000000000,+44.4838725,-092.8651558,127324.040047000002232,321676555.191999971866608,55009,46,46.000000000000000,55009,7761.000000000000000,7432.000000000000000,116.000000000000000,7.000000000000000,42.000000000000000,6.000000000000000,158.000000000000000,0.042391444401495,0.000901945625564,0.014946527509342,0.005411673753382,0.000773096250483,latinx,5.927071253704419,18.000000000000000,2018,55009,ZCTA5 55009,median_hh_income,72906,3026
4,55011,55011,B5,G6350,S,116674768.000000000000000,4362764.000000000000000,+45.3407404,-093.2533128,63141.650215599998774,120941948.924999997019768,55011,36,36.000000000000000,55011,10494.000000000000000,9376.000000000000000,153.000000000000000,100.000000000000000,614.000000000000000,65.000000000000000,165.000000000000000,0.106537068801220,0.009529254812274,0.014579759862779,0.058509624547360,0.006194015627978,asian,3.430531732418525,1.000000000000000,2018,55011,ZCTA5 55011,median_hh_income,92452,10004
5,55013,55013,B5,G6350,S,75784133.000000000000000,14461812.000000000000000,+45.3384710,-092.9054192,75246.865679599999567,90173924.567900002002716,55013,9,9.000000000000000,55013,6810.000000000000000,6451.000000000000000,119.000000000000000,13.000000000000000,38.000000000000000,18.000000000000000,171.000000000000000,0.052716593245228,0.001908957415565,0.017474302496329,0.005580029368576,0.002643171806167,latinx,1.321585903083700,81.000000000000000,2018,55013,ZCTA5 55013,median_hh_income,84146,5562
6,55014,55014,B5,G6350,S,48420235.000000000000000,7792423.000000000000000,+45.1618259,-093.1279967,35686.662886899997829,56167836.420500002801418,55014,131,131.000000000000000,55014,28039.000000000000000,24570.000000000000000,453.000000000000000,800.000000000000000,863.000000000000000,156.000000000000000,1197.000000000000000,0.123720532115981,0.028531688005992,0.016156068333393,0.030778558436463,0.005563679161168,asian,4.672063910981133,1.000000000000000,2018,55014,ZCTA5 55014,median_hh_income,89089,4954
7,55016,55016,B5,G6350,S,75565902.000000000000000,9795801.000000000000000,+44.8176913,-092.9346223,50935.942519700001867,85293500.041600003838539,55016,223,223.000000000000000,55016,35783.000000000000000,28628.000000000000000,1380.000000000000000,1668.000000000000000,2648.000000000000000,159.000000000000000,1204.000000000000000,0.199955286029679,0.046614314059749,0.038565799401951,0.074001620881424,0.004443450800660,asian,6.232009613503619,81.000000000000000,2018,55016,ZCTA5 55016,median_hh_income,94621,3807
8,55018,55018,B5,G6350,S,124824730.000000000000000,31946.000000000000000,+44.4239715,-092.9961746,80417.518860600001062,124756853.777999997138977,55018,0,0.000000000000000,55018,916.000000000000000,866.000000000000000,27.000000000000000,0.000000000000000,0.000000000000000,0.000000000000000,23.000000000000000,0.054585152838428,0.000000000000000,0.029475982532751,0.000000000000000,0.000000000000000,latinx,0.000000000000000,18.000000000000000,2018,55018,ZCTA5 55018,median_hh_income,86023,7671
9,55020,55020,B5,G6350,S,64710419.000000000000000,573701.000000000000000,+44.5755396,-093.3735692,66485.739593999998760,65233311.326700001955032,55020,15,15.000000000000000,55020,3750.000000000000000,3511.000000000000000,14.000000000000000,9.000000000000000,115.000000000000000,0.000000000000000,101.000000000000000,0.063733333333333,0.002400000000000,0.003733333333333,0.030666666666667,0.000000000000000,asian,4.000000000000000,68.000000000000000,2018,55020,ZCTA5 55020,median_hh_income,118558,11962
10,55024,55024,B5,G6350,S,230588203.000000000000000,3089275.000000000000000,+44.6271311,-093.1251368,98362.868593999999575,233491348.886000007390976,55024,104,104.000000000000000,55024,35035.000000000000000,30850.000000000000000,1511.000000000000000,452.000000000000000,612.000000000000000,333.000000000000000,1191.000000000000000,0.119451976594834,0.012901384329956,0.043128300271157,0.017468246039675,0.009504780933352,latinx,2.968460111317254,18.000000000000000,2018,55024,ZCTA5 55024,median_hh_income,94054,2945
11,55025,55025,B5,G6350,S,204075648.000000000000000,20913061.000000000000000,+45.2632336,-093.0220244,90390.734067400000640,224808926.085000008344650,55025,95,95.000000000000000,55025,24679.000000000000000,22243.000000000000000,820.000000000000000,260.000000000000000,424.000000000000000,213.000000000000000,704.000000000000000,0.098707403055229,0.010535272904088,0.033226629928279,0.017180598889744,0.008630819725272,latinx,3.849426638032335,1.000000000000000,2018,55025,ZCTA5 55025,median_hh_income,84981,5319
12,55031,55031,B5,G6350,S,102575976.000000000000000,57672.000000000000000,+44.6125169,-092.9621635,65455.644572999997763,102551623.692000001668930,55031,<=5,1.000000000000000,55031,2099.000000000000000,2009.000000000000000,27.000000000000000,18.000000000000000,6.000000000000000,0.000000000000000,39.000000000000000,0.042877560743211,0.008575512148642,0.012863268222963,0.002858504049547,0.000000000000000,latinx,0.476417341591234,18.000000000000000,2018,55031,ZCTA5 55031,median_hh_income,103000,10187
13,55033,55033,B5,G6350,S,365313064.000000000000000,19595848.000000000000000,+44.7139182,-092.8644685,146096.766820999997435,384602424.185000002384186,55033,71,71.000000000000000,55033,30054.000000000000000,27745.000000000000000,984.000000000000000,360.000000000000000,197.000000000000000,176.000000000000000,562.000000000000000,0.076828375590604,0.011978438810142,0.032741066081054,0.006554867904439,0.005856125640514,latinx,2.362414320889067,81.000000000000000,2018,55033,ZCTA5 55033,median_hh_income,75870,2813
14,55038,55038,B5,G6350,S,128385968.000000000000000,11303088.000000000000000,+45.1741628,-092.9808229,85400.167048999996041,139577422.877000004053116,55038,86,86.000000000000000,55038,22082.000000000000000,20697.000000000000000,442.000000000000000,107.000000000000000,414.000000000000000,13.000000000000000,392.000000000000000,0.062720768046373,0.004845575581922,0.020016302871117,0.018748301784259,0.000588714790327,latinx,3.894574766778371,1.000000000000000,2018,55038,ZCTA5 55038,median_hh_income,98888,6715
15,55040,55040,B5,G6350,S,256905142.000000000000000,7781972.000000000000000,+45.4661348,-093.2801875,86413.014911799997208,264478806.125999987125397,55040,39,39.000000000000000,55040,12893.000000000000000,12295.000000000000000,294.000000000000000,51.000000000000000,54.000000000000000,14.000000000000000,179.000000000000000,0.046381757542853,0.003955634840611,0.022803071434112,0.004188319243000,0.001085860544482,latinx,3.024897231055611,1.000000000000000,2018,55040,ZCTA5 55040,median_hh_income,76875,3894
16,55042,55042,B5,G6350,S,63394699.000000000000000,5587605.000000000000000,+44.9878193,-092.9095002,39024.930479100003140,68927233.462400004267693,55042,48,48.000000000000000,55042,9618.000000000000000,8331.000000000000000,610.000000000000000,237.000000000000000,217.000000000000000,0.000000000000000,223.000000000000000,0.133811603243918,0.024641297567062,0.063422749012269,0.022561863173217,0.000000000000000,latinx,4.990642545227698,81.000000000000000,2018,55042,ZCTA5 55042,median_hh_income,115000,15634
17,55043,55043,B5,G6350,S,10053436.000000000000000,5444753.000000000000000,+44.9405781,-092.7688352,22502.567588699999760,15485919.011199999600649,55043,7,7.000000000000000,55043,3682.000000000000000,3590.000000000000000,17.000000000000000,6.000000000000000,44.000000000000000,0.000000000000000,25.000000000000000,0.024986420423683,0.001629549158066,0.004617055947854,0.011950027159153,0.000000000000000,asian,1.901140684410646,81.000000000000000,2018,55043,ZCTA5 55043,median_hh_income,83656,3691
18,55044,55044,B5,G6350,S,166055136.000000000000000,5005738.000000000000000,+44.6421404,-093.2764276,92534.515395299997181,170926170.583999991416931,55044,233,233.000000000000000,55044,53547.000000000000000,45689.000000000000000,1480.000000000000000,1531.000000000000000,3058.000000000000000,45.000000000000000,1577.000000000000000,0.146749584477188,0.028591704483911,0.027639270173866,0.057108708237623,0.000840383214746,asian,4.351317534128897,68.000000000000000,2018,55044,ZCTA5 55044,median_hh_income,111551,4566
19,55045,55045,B5,G6350,S,91586860.000000000000000,17163993.000000000000000,+45.3953229,-092.8350088,104318.116437000004225,108664355.186000004410744,55045,11,11.000000000000000,55045,7598.000000000000000,7188.000000000000000,50.000000000000000,0.000000000000000,221.000000000000000,3.000000000000000,136.000000000000000,0.053961568833904,0.000000000000000,0.006580679126086,0.029086601737299,0.000394840747565,asian,1.447749407738879,81.000000000000000,2018,55045,ZCTA5 55045,median_hh_income,86310,8489
20,55047,55047,B5,G6350,S,77711659.000000000000000,13567666.000000000000000,+45.2004287,-092.8207289,58392.869102899996506,91206762.346900001168251,55047,7,7.000000000000000,55047,2372.000000000000000,2285.000000000000000,10.000000000000000,2.000000000000000,9.000000000000000,33.000000000000000,33.000000000000000,0.036677908937605,0.000843170320405,0.004215851602024,0.003794266441821,0.013912310286678,nativeamer,2.951096121416526,81.000000000000000,2018,55047,ZCTA5 55047,median_hh_income,103977,24073
21,55054,55054,B5,G6350,S,3091142.000000000000000,0.000000000000000,+44.5701664,-093.3504537,9778.081040380000559,3088726.934030000120401,55054,10,10.000000000000000,55054,2620.000000000000000,2426.000000000000000,0.000000000000000,144.000000000000000,37.000000000000000,0.000000000000000,13.000000000000000,0.074045801526718,0.054961832061069,0.000000000000000,0.014122137404580,0.000000000000000,black,3.816793893129771,68.000000000000000,2018,55054,ZCTA5 55054,median_hh_income,130714,20633
22,55055,55055,B5,G6350,S,9171899.000000000000000,626822.000000000000000,+44.8744622,-092.9987120,16362.790147399999114,9790881.201920000836253,55055,25,25.000000000000000,55055,3506.000000000000000,2649.000000000000000,140.000000000000000,377.000000000000000,144.000000000000000,0.000000000000000,196.000000000000000,0.244438106103822,0.107529948659441,0.039931545921278,0.041072447233314,0.000000000000000,black,7.130633200228181,81.000000000000000,2018,55055,ZCTA5 55055,median_hh_income,63341,6039
23,55057,55057,B5,G6350,S,323792153.000000000000000,6515511.000000000000000,+44.4704569,-093.1761251,155731.045317000010982,330045362.685999989509583,55057,120,120.000000000000000,55057,25091.000000000000000,21432.000000000000000,1807.000000000000000,534.000000000000000,672.000000000000000,65.000000000000000,538.000000000000000,0.145829181778327,0.021282531585030,0.072017855007772,0.026782511657566,0.002590570324021,latinx,4.782591367422581,68.000000000000000,2018,55057,ZCTA5 55057,median_hh_income,71968,3060
24,55065,55065,B5,G6350,S,85120760.000000000000000,722363.000000000000000,+44.5507581,-093.0249545,76387.501279000003706,85774511.269099995493889,55065,<=5,1.000000000000000,55065,1184.000000000000000,1177.000000000000000,3.000000000000000,0.000000000000000,0.000000000000000,0.000000000000000,4.000000000000000,0.005912162162162,0.000000000000000,0.002533783783784,0.000000000000000,0.000000000000000,latinx,0.844594594594595,18.000000000000000,2018,55065,ZCTA5 55065,median_hh_income,83750,8814
25,55068,55068,B5,G6350,S,110950439.000000000000000,5273729.000000000000000,+44.7355161,-093.0627731,65073.331700299997465,116131358.129999995231628,55068,128,128.000000000000000,55068,29474.000000000000000,25071.000000000000000,1141.000000000000000,1181.000000000000000,1223.000000000000000,0.000000000000000,834.000000000000000,0.149385899436792,0.040069213544141,0.038712085227658,0.041494198276447,0.000000000000000,asian,4.342810612743435,81.000000000000000,2018,55068,ZCTA5 55068,median_hh_income,95940,4461
26,55070,55070,B5,G6350,S,71016286.000000000000000,758445.000000000000000,+45.4100322,-093.3869849,62076.238340500000049,71718980.805800005793571,55070,28,28.000000000000000,55070,7810.000000000000000,7130.000000000000000,306.000000000000000,0.000000000000000,24.000000000000000,7.000000000000000,343.000000000000000,0.087067861715749,0.000000000000000,0.039180537772087,0.003072983354673,0.000896286811780,latinx,3.585147247119078,1.000000000000000,2018,55070,ZCTA5 55070,median_hh_income,82114,3369
27,55071,55071,B5,G6350,S,13296407.000000000000000,3022612.000000000000000,+44.8215113,-092.9982353,24205.395348499998363,16305966.961200000718236,55071,60,60.000000000000000,55071,5684.000000000000000,4666.000000000000000,284.000000000000000,43.000000000000000,423.000000000000000,9.000000000000000,259.000000000000000,0.179099225897255,0.007565095003519,0.049964813511612,0.074419422941590,0.001583391977481,asian,10.555946516537649,81.000000000000000,2018,55071,ZCTA5 55071,median_hh_income,73165,8196
28,55073,55073,B5,G6350,S,71832198.000000000000000,4990364.000000000000000,+45.2725326,-092.8148711,63671.727716699999291,76761490.807999998331070,55073,<=5,1.000000000000000,55073,3600.000000000000000,3475.000000000000000,90.000000000000000,14.000000000000000,0.000000000000000,7.000000000000000,14.000000000000000,0.034722222222222,0.003888888888889,0.025000000000000,0.000000000000000,0.001944444444444,latinx,0.277777777777778,81.000000000000000,2018,55073,ZCTA5 55073,median_hh_income,97888,15099
29,55074,55074,B5,G6350,S,90042893.000000000000000,2817237.000000000000000,+45.3877786,-092.7200316,60985.868232000000717,92786861.665500000119209,55074,7,7.000000000000000,55074,2378.000000000000000,2255.000000000000000,72.000000000000000,2.000000000000000,3.000000000000000,10.000000000000000,36.000000000000000,0.051724137931034,0.000841042893188,0.030277544154752,0.001261564339781,0.004205214465938,latinx,2.943650126156434,81.000000000000000,2018,55074,ZCTA5 55074,median_hh_income,80789,6631
30,55075,55075,B5,G6350,S,14676668.000000000000000,1270044.000000000000000,+44.8880271,-093.0404974,25473.779770799999824,15933966.060599999502301,55075,169,169.000000000000000,55075,20274.000000000000000,15151.000000000000000,2621.000000000000000,541.000000000000000,418.000000000000000,73.000000000000000,1470.000000000000000,0.252688172043011,0.026684423399428,0.129278879352866,0.020617539706027,0.003600670809904,latinx,8.335799546216830,81.000000000000000,2018,55075,ZCTA5 55075,median_hh_income,60528,3176
31,55076,55076,B5,G6350,S,23657440.000000000000000,4016887.000000000000000,+44.8360655,-093.0321736,38378.708320199999434,27652192.301600001752377,55076,147,147.000000000000000,55076,21681.000000000000000,16881.000000000000000,2361.000000000000000,734.000000000000000,886.000000000000000,27.000000000000000,676.000000000000000,0.221392002213920,0.033854527005212,0.108897191088972,0.040865273741986,0.001245330012453,latinx,6.780130067801300,81.000000000000000,2018,55076,ZCTA5 55076,median_hh_income,74531,5313
32,55077,55077,B5,G6350,S,48395909.000000000000000,2046957.000000000000000,+44.8194105,-093.0678101,39159.970208999999159,50402562.793399997055531,55077,129,129.000000000000000,55077,13474.000000000000000,9933.000000000000000,1522.000000000000000,787.000000000000000,938.000000000000000,8.000000000000000,273.000000000000000,0.262802434317946,0.058408787294048,0.112958290040077,0.069615555885409,0.000593736084311,latinx,9.573994359507198,18.000000000000000,2018,55077,ZCTA5 55077,median_hh_income,75458,6285
33,55079,55079,B5,G6350,S,158940712.000000000000000,9876890.000000000000000,+45.4194671,-093.0353928,83157.161842700006673,168682703.014999985694885,55079,11,11.000000000000000,55079,8726.000000000000000,8167.000000000000000,58.000000000000000,55.000000000000000,113.000000000000000,39.000000000000000,291.000000000000000,0.064061425624570,0.006303002521201,0.006646802658721,0.012949805179922,0.004469401787761,asian,1.260600504240202,1.000000000000000,2018,55079,ZCTA5 55079,median_hh_income,87926,3832
34,55082,55082,B5,G6350,S,202584396.000000000000000,14541149.000000000000000,+45.0731274,-092.8397681,109769.931274000002304,216952789.587999999523163,55082,121,121.000000000000000,55082,35867.000000000000000,33308.000000000000000,541.000000000000000,756.000000000000000,430.000000000000000,99.000000000000000,692.000000000000000,0.071346920567653,0.021077871023503,0.015083502941422,0.011988736164162,0.002760197395935,black,3.373574595031645,81.000000000000000,2018,55082,ZCTA5 55082,median_hh_income,94366,5210
35,55085,55085,B5,G6350,S,2078720.000000000000000,22423.000000000000000,+44.6697747,-092.9634322,6475.047265180000068,2099463.750049999915063,55085,<=5,1.000000000000000,55085,498.000000000000000,469.000000000000000,18.000000000000000,0.000000000000000,11.000000000000000,0.000000000000000,0.000000000000000,0.058232931726908,0.000000000000000,0.036144578313253,0.022088353413655,0.000000000000000,latinx,2.008032128514056,18.000000000000000,2018,55085,ZCTA5 55085,median_hh_income,80313,14377
36,55088,55088,B5,G6350,S,90360833.000000000000000,343219.000000000000000,+44.5235865,-093.3834549,80388.078599400003441,90633651.489299997687340,55088,<=5,1.000000000000000,55088,1722.000000000000000,1689.000000000000000,8.000000000000000,0.000000000000000,10.000000000000000,2.000000000000000,13.000000000000000,0.019163763066202,0.000000000000000,0.004645760743322,0.005807200929152,0.001161440185830,asian,0.580720092915215,68.000000000000000,2018,55088,ZCTA5 55088,median_hh_income,96625,18174
37,55089,55089,B5,G6350,S,156498738.000000000000000,8380570.000000000000000,+44.5837791,-092.7164163,100937.651343999998062,164749549.263000011444092,55089,8,8.000000000000000,55089,1843.000000000000000,1576.000000000000000,12.000000000000000,24.000000000000000,16.000000000000000,191.000000000000000,24.000000000000000,0.144872490504612,0.013022246337493,0.006511123168747,0.008681497558329,0.103635377102550,nativeamer,4.340748779164405,18.000000000000000,2018,55089,ZCTA5 55089,median_hh_income,90329,12093
38,55090,55090,B5,G6350,S,258319.000000000000000,14732.000000000000000,+45.0533322,-092.9575365,2525.811195270000098,272829.740526999987196,55090,0,0.000000000000000,55090,280.000000000000000,256.000000000000000,20.000000000000000,0.000000000000000,0.000000000000000,0.000000000000000,4.000000000000000,0.085714285714286,0.000000000000000,0.071428571428571,0.000000000000000,0.000000000000000,latinx,0.000000000000000,81.000000000000000,2018,55090,ZCTA5 55090,median_hh_income,44677,7075
39,55092,55092,B5,G6350,S,87237515.000000000000000,10089125.000000000000000,+45.3341255,-093.0998159,93434.299163000003318,97248970.593099996447563,55092,20,20.000000000000000,55092,10836.000000000000000,10360.000000000000000,143.000000000000000,30.000000000000000,25.000000000000000,67.000000000000000,211.000000000000000,0.043927648578811,0.002768549280177,0.013196751568845,0.002307124400148,0.006183093392396,latinx,1.845699520118125,1.000000000000000,2018,55092,ZCTA5 55092,median_hh_income,83074,5867
40,55101,55101,B5,G6350,S,2107838.000000000000000,131567.000000000000000,+44.9514831,-093.0906486,9300.363226960000247,2237610.625299999956042,55101,64,64.000000000000000,55101,7234.000000000000000,5048.000000000000000,394.000000000000000,752.000000000000000,539.000000000000000,48.000000000000000,444.000000000000000,0.302184130494885,0.103953552667957,0.054465026264860,0.074509261819187,0.006635333149019,black,8.847110865358031,61.000000000000000,2018,55101,ZCTA5 55101,median_hh_income,51531,7491
41,55102,55102,B5,G6350,S,8429724.000000000000000,708202.000000000000000,+44.9319008,-093.1212908,16847.922395099998539,9130651.937599999830127,55102,172,172.000000000000000,55102,18346.000000000000000,13582.000000000000000,1351.000000000000000,2060.000000000000000,372.000000000000000,110.000000000000000,819.000000000000000,0.259675133544097,0.112286056906138,0.073640030524365,0.020276899596642,0.005995857407609,black,9.375340673716341,18.000000000000000,2018,55102,ZCTA5 55102,median_hh_income,56084,2845
42,55103,55103,B5,G6350,S,5404826.000000000000000,287953.000000000000000,+44.9642576,-093.1226267,17890.264160099999572,5688232.075939999893308,55103,189,189.000000000000000,55103,13947.000000000000000,4250.000000000000000,563.000000000000000,4687.000000000000000,3597.000000000000000,68.000000000000000,775.000000000000000,0.695274969527497,0.336057933605793,0.040367104036710,0.257904925790493,0.004875600487560,black,13.551301355130136,61.000000000000000,2018,55103,ZCTA5 55103,median_hh_income,33849,3700
43,55104,55104,B5,G6350,S,15687982.000000000000000,121368.000000000000000,+44.9538936,-093.1644464,22028.498416099999304,15796771.481799999251962,55104,388,388.000000000000000,55104,45535.000000000000000,26754.000000000000000,2733.000000000000000,8745.000000000000000,3884.000000000000000,656.000000000000000,2451.000000000000000,0.412451960030746,0.192050071373669,0.060019765015922,0.085297024267047,0.014406500494125,black,8.520917975183925,61.000000000000000,2018,55104,ZCTA5 55104,median_hh_income,60474,2643
44,55105,55105,B5,G6350,S,9355434.000000000000000,492928.000000000000000,+44.9371797,-093.1682786,22528.057078199999523,9840529.545809999108315,55105,92,92.000000000000000,55105,26729.000000000000000,23885.000000000000000,704.000000000000000,549.000000000000000,889.000000000000000,14.000000000000000,673.000000000000000,0.106401286991657,0.020539488944592,0.026338433910734,0.033259755321935,0.000523775674361,asian,3.441954431516331,61.000000000000000,2018,55105,ZCTA5 55105,median_hh_income,88341,5833
45,55106,55106,B5,G6350,S,22416171.000000000000000,1287130.000000000000000,+44.9635473,-093.0495221,39780.550465200001781,23684357.702399998903275,55106,877,877.000000000000000,55106,58160.000000000000000,18918.000000000000000,6457.000000000000000,8274.000000000000000,20899.000000000000000,344.000000000000000,3212.000000000000000,0.674724896836314,0.142262723521320,0.111021320495186,0.359336313617607,0.005914718019257,asian,15.079092159559837,61.000000000000000,2018,55106,ZCTA5 55106,median_hh_income,50193,2282
46,55107,55107,B5,G6350,S,10642414.000000000000000,1380633.000000000000000,+44.9310700,-093.0791720,17412.140808200001629,12013442.630799999460578,55107,175,175.000000000000000,55107,15171.000000000000000,6502.000000000000000,4572.000000000000000,2060.000000000000000,757.000000000000000,355.000000000000000,913.000000000000000,0.571419154966713,0.135785380001318,0.301364445323314,0.049897831388834,0.023399907718674,latinx,11.535165776811022,18.000000000000000,2018,55107,ZCTA5 55107,median_hh_income,51893,4091
47,55108,55108,B5,G6350,S,10182433.000000000000000,49998.000000000000000,+44.9824823,-093.1748798,19776.100421200000710,10224294.037699999287724,55108,161,161.000000000000000,55108,15929.000000000000000,11485.000000000000000,653.000000000000000,1283.000000000000000,1851.000000000000000,61.000000000000000,570.000000000000000,0.278988009291230,0.080544918073953,0.040994412706385,0.116203151484713,0.003829493376860,asian,10.107351371711971,61.000000000000000,2018,55108,ZCTA5 55108,median_hh_income,69918,6220
48,55109,55109,B5,G6350,S,30289772.000000000000000,1980044.000000000000000,+45.0145506,-093.0255348,24559.859298300001683,32244012.181899998337030,55109,348,348.000000000000000,55109,34135.000000000000000,22747.000000000000000,2001.000000000000000,3538.000000000000000,4161.000000000000000,107.000000000000000,1463.000000000000000,0.333616522630731,0.103647282847517,0.058620184561301,0.121898344807382,0.003134612567746,asian,10.194814706313169,61.000000000000000,2018,55109,ZCTA5 55109,median_hh_income,62858,2545
49,55110,55110,B5,G6350,S,62537534.000000000000000,16021060.000000000000000,+45.0899121,-093.0059877,61613.187922199998866,78495764.658399999141693,55110,181,181.000000000000000,55110,40336.000000000000000,36167.000000000000000,1141.000000000000000,670.000000000000000,1454.000000000000000,152.000000000000000,752.000000000000000,0.103356802856010,0.016610472034907,0.028287385957953,0.036047203490678,0.003768345894486,asian,4.487306624355415,1.000000000000000,2018,55110,ZCTA5 55110,median_hh_income,81345,3398
50,55111,55111,B5,G6350,S,5816365.000000000000000,655666.000000000000000,+44.8783853,-093.1963585,16855.228571899999224,6466891.077399999834597,55111,0,0.000000000000000,55111,20.000000000000000,5.000000000000000,0.000000000000000,15.000000000000000,0.000000000000000,0.000000000000000,0.000000000000000,0.750000000000000,0.750000000000000,0.000000000000000,0.000000000000000,0.000000000000000,black,0.000000000000000,18.000000000000000,2018,55111,ZCTA5 55111,median_hh_income,15000,5716
51,55112,55112,B5,G6350,S,49446417.000000000000000,4809676.000000000000000,+45.0818660,-093.1904930,37344.232610099999874,54212993.474600002169609,55112,473,473.000000000000000,55112,45895.000000000000000,35286.000000000000000,2551.000000000000000,3239.000000000000000,2979.000000000000000,116.000000000000000,1597.000000000000000,0.231158078222029,0.070574136616189,0.055583396884192,0.064909031484911,0.002527508443186,black,10.306133565747903,1.000000000000000,2018,55112,ZCTA5 55112,median_hh_income,70842,2751
52,55113,55113,B5,G6350,S,38650151.000000000000000,2197318.000000000000000,+45.0121956,-093.1511859,36013.844974400002684,40814964.173199996352196,55113,360,360.000000000000000,55113,41608.000000000000000,31294.000000000000000,1321.000000000000000,3297.000000000000000,3615.000000000000000,191.000000000000000,1809.000000000000000,0.247885022111132,0.079239569313594,0.031748702172659,0.086882330321092,0.004590463372428,asian,8.652182272639877,61.000000000000000,2018,55113,ZCTA5 55113,median_hh_income,66413,2890
53,55114,55114,B5,G6350,S,3370310.000000000000000,77979.000000000000000,+44.9666903,-093.1950724,11150.097154700000829,3445555.864180000033230,55114,40,40.000000000000000,55114,2931.000000000000000,1955.000000000000000,103.000000000000000,343.000000000000000,437.000000000000000,0.000000000000000,61.000000000000000,0.332992152848857,0.117024906175367,0.035141589901058,0.149095871716138,0.000000000000000,asian,13.647219379051519,61.000000000000000,2018,55114,ZCTA5 55114,median_hh_income,57625,8478
54,55115,55115,B5,G6350,S,17367373.000000000000000,4836231.000000000000000,+45.0679033,-092.9534409,36883.374451299998327,22185855.182100001722574,55115,40,40.000000000000000,55115,9113.000000000000000,8222.000000000000000,173.000000000000000,386.000000000000000,156.000000000000000,53.000000000000000,123.000000000000000,0.097772413036322,0.042357072314276,0.018983869197849,0.017118402282454,0.005815867442116,black,4.389333918577856,81.000000000000000,2018,55115,ZCTA5 55115,median_hh_income,101217,10891
55,55116,55116,B5,G6350,S,14125323.000000000000000,1366261.000000000000000,+44.9107187,-093.1695814,18444.068257399998402,15479260.744999999180436,55116,170,170.000000000000000,55116,24196.000000000000000,18464.000000000000000,802.000000000000000,2877.000000000000000,971.000000000000000,15.000000000000000,1037.000000000000000,0.236898660935692,0.118903951066292,0.033145974541246,0.040130600099190,0.000619937179699,black,7.025954703256736,18.000000000000000,2018,55116,ZCTA5 55116,median_hh_income,69047,4802
56,55117,55117,B5,G6350,S,23921413.000000000000000,1614406.000000000000000,+45.0035616,-093.0912803,37920.757102399998985,25515434.818799998611212,55117,629,629.000000000000000,55117,45486.000000000000000,20287.000000000000000,4132.000000000000000,7287.000000000000000,11703.000000000000000,203.000000000000000,1739.000000000000000,0.553994635712087,0.160203139427516,0.090841137932551,0.257287956733940,0.004462911665128,asian,13.828430725937652,61.000000000000000,2018,55117,ZCTA5 55117,median_hh_income,50222,3559
57,55118,55118,B5,G6350,S,27310418.000000000000000,1643708.000000000000000,+44.8943150,-093.1009469,28844.029882399998314,28931021.757199998944998,55118,358,358.000000000000000,55118,28402.000000000000000,20627.000000000000000,4494.000000000000000,1028.000000000000000,963.000000000000000,78.000000000000000,1178.000000000000000,0.273748327582565,0.036194634180691,0.158228293782128,0.033906062953313,0.002746285472854,latinx,12.604746144637701,18.000000000000000,2018,55118,ZCTA5 55118,median_hh_income,67866,6727
58,55119,55119,B5,G6350,S,36525232.000000000000000,5642357.000000000000000,+44.9374206,-093.0074025,44912.474496399998316,42133865.542099997401237,55119,460,460.000000000000000,55119,42792.000000000000000,21180.000000000000000,3685.000000000000000,7368.000000000000000,8011.000000000000000,68.000000000000000,2394.000000000000000,0.505047672462142,0.172181716208637,0.086114226958310,0.187207889325107,0.001589082071415,asian,10.749672836044120,81.000000000000000,2018,55119,ZCTA5 55119,median_hh_income,56567,2229
59,55120,55120,B5,G6350,S,13834723.000000000000000,2252143.000000000000000,+44.8749844,-093.1520927,19909.871988599999895,16074048.265599999576807,55120,30,30.000000000000000,55120,4355.000000000000000,3909.000000000000000,62.000000000000000,99.000000000000000,158.000000000000000,5.000000000000000,122.000000000000000,0.102411021814007,0.022732491389208,0.014236509758898,0.036280137772675,0.001148105625718,asian,6.888633754305395,18.000000000000000,2018,55120,ZCTA5 55120,median_hh_income,99688,10987
60,55121,55121,B5,G6350,S,23389925.000000000000000,1946860.000000000000000,+44.8465414,-093.1549346,23637.208311800000956,25316621.016699999570847,55121,75,75.000000000000000,55121,8571.000000000000000,5986.000000000000000,362.000000000000000,981.000000000000000,881.000000000000000,34.000000000000000,316.000000000000000,0.301598413253996,0.114455722786139,0.042235445105589,0.102788472756971,0.003966865009917,black,8.750437521876094,18.000000000000000,2018,55121,ZCTA5 55121,median_hh_income,71503,5009
61,55122,55122,B5,G6350,S,29178517.000000000000000,1524439.000000000000000,+44.8068104,-093.2014974,27739.239318200001435,30678585.905000001192093,55122,197,197.000000000000000,55122,32253.000000000000000,22843.000000000000000,1746.000000000000000,3494.000000000000000,2581.000000000000000,83.000000000000000,1381.000000000000000,0.291755805661489,0.108331007968251,0.054134499116361,0.080023563699501,0.002573404024432,black,6.107958949555080,18.000000000000000,2018,55122,ZCTA5 55122,median_hh_income,78995,3458
62,55123,55123,B5,G6350,S,28463533.000000000000000,2506831.000000000000000,+44.8089327,-093.1384494,26270.828419400000712,30945676.283199999481440,55123,121,121.000000000000000,55123,25612.000000000000000,21306.000000000000000,972.000000000000000,970.000000000000000,1866.000000000000000,33.000000000000000,422.000000000000000,0.168124316726534,0.037872872091207,0.037950960487272,0.072856473528034,0.001288458535062,asian,4.724347961892863,18.000000000000000,2018,55123,ZCTA5 55123,median_hh_income,117650,5920
63,55124,55124,B5,G6350,S,43572536.000000000000000,1759018.000000000000000,+44.7394617,-093.1938424,27059.591185599998425,45295591.308700002729893,55124,339,339.000000000000000,55124,51931.000000000000000,39868.000000000000000,3186.000000000000000,3986.000000000000000,2978.000000000000000,93.000000000000000,1769.000000000000000,0.232288998863877,0.076755695056902,0.061350638347037,0.057345323602473,0.001790837842522,black,6.527892780805300,18.000000000000000,2018,55124,ZCTA5 55124,median_hh_income,87164,3040
64,55125,55125,B5,G6350,S,39561667.000000000000000,1233058.000000000000000,+44.9180314,-092.9382772,25948.062001900001633,40762120.186099998652935,55125,250,250.000000000000000,55125,43438.000000000000000,34247.000000000000000,1655.000000000000000,2215.000000000000000,3794.000000000000000,53.000000000000000,1382.000000000000000,0.211588931350430,0.050992218794604,0.038100280860076,0.087342879506423,0.001220129840232,asian,5.755329435056862,81.000000000000000,2018,55125,ZCTA5 55125,median_hh_income,99507,5047
65,55126,55126,B5,G6350,S,31029347.000000000000000,6006320.000000000000000,+45.0844497,-093.1328166,47412.932676399999764,37006140.640000000596046,55126,95,95.000000000000000,55126,26736.000000000000000,22021.000000000000000,823.000000000000000,487.000000000000000,2632.000000000000000,34.000000000000000,674.000000000000000,0.176353979652902,0.018215140634351,0.030782465589467,0.098444045481747,0.001271693596649,asian,3.553261520047875,1.000000000000000,2018,55126,ZCTA5 55126,median_hh_income,87647,5442
66,55127,55127,B5,G6350,S,34976343.000000000000000,6890145.000000000000000,+45.0839069,-093.0802328,33723.870217800002138,41833044.134900003671646,55127,83,83.000000000000000,55127,18487.000000000000000,16082.000000000000000,430.000000000000000,448.000000000000000,1062.000000000000000,30.000000000000000,417.000000000000000,0.130091415589333,0.024233244982961,0.023259587818467,0.057445772705144,0.001622761940823,asian,4.489641369611078,1.000000000000000,2018,55127,ZCTA5 55127,median_hh_income,104079,5042
67,55128,55128,B5,G6350,S,29106043.000000000000000,1020010.000000000000000,+44.9875455,-092.9635530,28513.188209200001438,30101964.207699999213219,55128,181,181.000000000000000,55128,28849.000000000000000,21120.000000000000000,1396.000000000000000,2417.000000000000000,2670.000000000000000,148.000000000000000,1089.000000000000000,0.267912232659711,0.083781066934729,0.048389892197303,0.092550868314326,0.005130160490832,asian,6.274047627300773,81.000000000000000,2018,55128,ZCTA5 55128,median_hh_income,68381,4345
68,55129,55129,B5,G6350,S,50662186.000000000000000,899454.000000000000000,+44.8834738,-092.8927678,43829.363754099998914,51520470.781300000846386,55129,146,146.000000000000000,55129,25248.000000000000000,18152.000000000000000,1303.000000000000000,1710.000000000000000,2823.000000000000000,14.000000000000000,1246.000000000000000,0.281051964512041,0.067728136882129,0.051608048162231,0.111810836501901,0.000554499366286,asian,5.782636248415716,81.000000000000000,2018,55129,ZCTA5 55129,median_hh_income,129815,7664
69,55130,55130,B5,G6350,S,5194142.000000000000000,2841.000000000000000,+44.9733023,-093.0824096,13894.334159300000465,5192825.062429999932647,55130,364,364.000000000000000,55130,18259.000000000000000,3538.000000000000000,2218.000000000000000,3963.000000000000000,6900.000000000000000,352.000000000000000,1277.000000000000000,0.806232542855578,0.217043649706994,0.121474341420669,0.377895832192344,0.019278164193001,asian,19.935374335943919,61.000000000000000,2018,55130,ZCTA5 55130,median_hh_income,34520,2766
70,55150,55150,B5,G6350,S,881270.000000000000000,121231.000000000000000,+44.8866401,-093.1654224,5109.840433499999563,1001703.041929999948479,55150,0,0.000000000000000,55150,225.000000000000000,144.000000000000000,45.000000000000000,0.000000000000000,8.000000000000000,5.000000000000000,23.000000000000000,0.360000000000000,0.000000000000000,0.200000000000000,0.035555555555556,0.022222222222222,latinx,0.000000000000000,18.000000000000000,2018,55150,ZCTA5 55150,median_hh_income,67500,18400
71,55155,55155,B5,G6350,S,136110.000000000000000,0.000000000000000,+44.9560262,-093.0826804,1519.963536299999987,136002.239441000012448,55155,<=5,1.000000000000000,55155,0.000000000000000,0.000000000000000,0.000000000000000,0.000000000000000,0.000000000000000,0.000000000000000,0.000000000000000,0.000000000000000,0.000000000000000,0.000000000000000,0.000000000000000,0.000000000000000, ,0.000000000000000,61.000000000000000,2018,55155,ZCTA5 55155,median_hh_income,0,0
72,55303,55303,B5,G6350,S,163428543.000000000000000,6335447.000000000000000,+45.2882979,-093.4311025,85463.294101899999077,169632836.988000005483627,55303,299,299.000000000000000,55303,49377.000000000000000,43411.000000000000000,1212.000000000000000,1684.000000000000000,1263.000000000000000,398.000000000000000,1403.000000000000000,0.120825485549952,0.034104947647690,0.024545841181117,0.025578710735768,0.008060432995119,black,6.055450918443809,1.000000000000000,2018,55303,ZCTA5 55303,median_hh_income,81116,3281
73,55304,55304,B5,G6350,S,178927398.000000000000000,6034282.000000000000000,+45.2476048,-093.2750365,68160.006241900002351,184815877.300999999046326,55304,184,184.000000000000000,55304,48981.000000000000000,43886.000000000000000,1030.000000000000000,1219.000000000000000,1374.000000000000000,80.000000000000000,1323.000000000000000,0.104019926093791,0.024887201159633,0.021028562095506,0.028051693513811,0.001633286376350,asian,3.756558665605030,1.000000000000000,2018,55304,ZCTA5 55304,median_hh_income,103709,4102
74,55305,55305,B5,G6350,S,24138122.000000000000000,381260.000000000000000,+44.9563739,-093.4279968,22654.448014300000068,24500459.101900000125170,55305,157,157.000000000000000,55305,20818.000000000000000,16798.000000000000000,450.000000000000000,1598.000000000000000,1428.000000000000000,81.000000000000000,409.000000000000000,0.193102123162648,0.076760495724853,0.021615909309252,0.068594485541358,0.003890863675665,black,7.541550581227783,26.000000000000000,2018,55305,ZCTA5 55305,median_hh_income,75219,5097
75,55306,55306,B5,G6350,S,16125953.000000000000000,1919721.000000000000000,+44.7309442,-093.2913805,18045.108574699999735,18031494.304900001734495,55306,196,196.000000000000000,55306,16125.000000000000000,10602.000000000000000,2130.000000000000000,1889.000000000000000,873.000000000000000,12.000000000000000,608.000000000000000,0.342511627906977,0.117147286821705,0.132093023255814,0.054139534883721,0.000744186046512,latinx,12.155038759689923,68.000000000000000,2018,55306,ZCTA5 55306,median_hh_income,71853,3799
76,55311,55311,B5,G6350,S,42454977.000000000000000,2202498.000000000000000,+45.1064033,-093.4970293,45028.491814200002409,44623422.615500003099442,55311,167,167.000000000000000,55311,37703.000000000000000,31088.000000000000000,384.000000000000000,1800.000000000000000,3197.000000000000000,46.000000000000000,1011.000000000000000,0.175450229424714,0.047741559027133,0.010184865925788,0.084794313449858,0.001220062064027,asian,4.429355754184017,26.000000000000000,2018,55311,ZCTA5 55311,median_hh_income,125213,6043
77,55313,55313,B5,G6350,S,281574312.000000000000000,28076626.000000000000000,+45.1746639,-093.8514553,131112.341402999998536,309437558.138000011444092,55313,121,121.000000000000000,55313,24379.000000000000000,23369.000000000000000,482.000000000000000,128.000000000000000,154.000000000000000,91.000000000000000,150.000000000000000,0.041429098814554,0.005250420443825,0.019771114483777,0.006316912096476,0.003732720784282,latinx,4.963288075802945,26.000000000000000,2018,55313,ZCTA5 55313,median_hh_income,78464,3293
78,55315,55315,B5,G6350,S,68682874.000000000000000,1942506.000000000000000,+44.7210963,-093.6889727,80739.557360999999219,70574058.293500006198883,55315,42,42.000000000000000,55315,5651.000000000000000,5095.000000000000000,75.000000000000000,211.000000000000000,38.000000000000000,0.000000000000000,232.000000000000000,0.098389665545921,0.037338524155017,0.013271987258892,0.006724473544505,0.000000000000000,black,7.432312864979650,68.000000000000000,2018,55315,ZCTA5 55315,median_hh_income,111838,8742
79,55316,55316,B5,G6350,S,21154298.000000000000000,1457645.000000000000000,+45.1729324,-093.3868294,24590.836959699998260,22594382.794799998402596,55316,174,174.000000000000000,55316,24478.000000000000000,20490.000000000000000,530.000000000000000,2085.000000000000000,651.000000000000000,12.000000000000000,641.000000000000000,0.162921807337201,0.085178527657488,0.021652095759457,0.026595310074352,0.000490236130403,black,7.108423890840754,1.000000000000000,2018,55316,ZCTA5 55316,median_hh_income,87692,4032
80,55317,55317,B5,G6350,S,32442135.000000000000000,3171164.000000000000000,+44.8587036,-093.5502092,30256.116311800000403,35586485.622299998998642,55317,88,88.000000000000000,55317,21739.000000000000000,18833.000000000000000,833.000000000000000,359.000000000000000,1290.000000000000000,8.000000000000000,404.000000000000000,0.133676802060812,0.016514099084595,0.038318229909379,0.059340356042136,0.000368002208013,asian,4.048024288145728,9.000000000000000,2018,55317,ZCTA5 55317,median_hh_income,117031,7272
81,55318,55318,B5,G6350,S,107194863.000000000000000,5144518.000000000000000,+44.8107848,-093.6362479,78996.154924200003734,112256566.658999994397163,55318,201,201.000000000000000,55318,27657.000000000000000,23114.000000000000000,2061.000000000000000,577.000000000000000,924.000000000000000,113.000000000000000,854.000000000000000,0.164262212098203,0.020862711067722,0.074520013016596,0.033409263477601,0.004085764905810,latinx,7.267599522724807,68.000000000000000,2018,55318,ZCTA5 55318,median_hh_income,89467,5426
82,55322,55322,B5,G6350,S,141397244.000000000000000,5614975.000000000000000,+44.7718787,-093.7871315,108982.143956999992952,146908657.342000007629395,55322,9,9.000000000000000,55322,3505.000000000000000,3192.000000000000000,73.000000000000000,175.000000000000000,10.000000000000000,4.000000000000000,51.000000000000000,0.089300998573466,0.049928673323823,0.020827389443652,0.002853067047076,0.001141226818830,black,2.567760342368046,9.000000000000000,2018,55322,ZCTA5 55322,median_hh_income,90375,4262
83,55327,55327,B5,G6350,S,46341574.000000000000000,4532457.000000000000000,+45.1957351,-093.4758017,35685.442378100000496,50835099.662699997425079,55327,26,26.000000000000000,55327,3402.000000000000000,3302.000000000000000,15.000000000000000,0.000000000000000,65.000000000000000,0.000000000000000,20.000000000000000,0.029394473838918,0.000000000000000,0.004409171075838,0.019106407995297,0.000000000000000,asian,7.642563198118753,1.000000000000000,2018,55327,ZCTA5 55327,median_hh_income,98831,10464
84,55328,55328,B5,G6350,S,115359547.000000000000000,3613852.000000000000000,+45.0318746,-093.8119512,71515.022110799996881,118890258.746999993920326,55328,25,25.000000000000000,55328,9400.000000000000000,8770.000000000000000,281.000000000000000,0.000000000000000,27.000000000000000,9.000000000000000,313.000000000000000,0.067021276595745,0.000000000000000,0.029893617021277,0.002872340425532,0.000957446808511,latinx,2.659574468085106,9.000000000000000,2018,55328,ZCTA5 55328,median_hh_income,87781,9279
85,55330,55330,B5,G6350,S,270649825.000000000000000,10489535.000000000000000,+45.3341682,-093.5682165,126880.811637000006158,280928366.843999981880188,55330,130,130.000000000000000,55330,38283.000000000000000,35560.000000000000000,699.000000000000000,729.000000000000000,533.000000000000000,150.000000000000000,510.000000000000000,0.071128176997623,0.019042394796646,0.018258757150694,0.013922628843090,0.003918188229763,black,3.395763132460883,1.000000000000000,2018,55330,ZCTA5 55330,median_hh_income,91811,3725
86,55331,55331,B5,G6350,S,38757527.000000000000000,18368629.000000000000000,+44.8956642,-093.6076488,64841.720252300001448,57083690.814999997615814,55331,111,111.000000000000000,55331,18475.000000000000000,17034.000000000000000,767.000000000000000,86.000000000000000,280.000000000000000,31.000000000000000,230.000000000000000,0.077997293640054,0.004654939106901,0.041515561569689,0.015155615696888,0.001677943166441,latinx,6.008119079837618,9.000000000000000,2018,55331,ZCTA5 55331,median_hh_income,120984,5722
87,55337,55337,B5,G6350,S,48372248.000000000000000,3304827.000000000000000,+44.7784720,-093.2722690,33836.447742700001982,51636345.931199997663498,55337,449,449.000000000000000,55337,45158.000000000000000,31966.000000000000000,2387.000000000000000,6296.000000000000000,2101.000000000000000,85.000000000000000,2124.000000000000000,0.292129855175163,0.139421586429868,0.052858851144869,0.046525532574516,0.001882279994685,black,9.942867266043669,68.000000000000000,2018,55337,ZCTA5 55337,median_hh_income,69993,3134
88,55338,55338,B5,G6350,S,102558238.000000000000000,3690019.000000000000000,+44.6695190,-093.9957708,59814.438980600003561,106179667.914000004529953,55338,8,8.000000000000000,55338,1155.000000000000000,1051.000000000000000,69.000000000000000,19.000000000000000,0.000000000000000,0.000000000000000,16.000000000000000,0.090043290043290,0.016450216450216,0.059740259740260,0.000000000000000,0.000000000000000,latinx,6.926406926406926,9.000000000000000,2018,55338,ZCTA5 55338,median_hh_income,64519,7375
89,55339,55339,B5,G6350,S,58014411.000000000000000,687312.000000000000000,+44.7234273,-093.9569591,40857.850874900002964,58663056.003399997949600,55339,<=5,1.000000000000000,55339,1085.000000000000000,1029.000000000000000,8.000000000000000,0.000000000000000,24.000000000000000,2.000000000000000,22.000000000000000,0.051612903225806,0.000000000000000,0.007373271889401,0.022119815668203,0.001843317972350,asian,0.921658986175115,9.000000000000000,2018,55339,ZCTA5 55339,median_hh_income,88333,17153
90,55340,55340,B5,G6350,S,93540820.000000000000000,1697391.000000000000000,+45.0782631,-093.5721177,58695.583563899999717,95166857.118000000715256,55340,23,23.000000000000000,55340,8023.000000000000000,6737.000000000000000,318.000000000000000,17.000000000000000,743.000000000000000,0.000000000000000,208.000000000000000,0.160289168640160,0.002118908139100,0.039636046366696,0.092608749844198,0.000000000000000,asian,2.866758070547177,26.000000000000000,2018,55340,ZCTA5 55340,median_hh_income,125583,14476
91,55341,55341,B5,G6350,S,12320319.000000000000000,361218.000000000000000,+45.1577552,-093.6627501,17538.291342500000610,12672232.863500000908971,55341,<=5,1.000000000000000,55341,3226.000000000000000,3106.000000000000000,43.000000000000000,1.000000000000000,55.000000000000000,1.000000000000000,20.000000000000000,0.037197768133912,0.000309981401116,0.013329200247985,0.017048977061376,0.000309981401116,asian,0.309981401115933,26.000000000000000,2018,55341,ZCTA5 55341,median_hh_income,97168,11890
92,55343,55343,B5,G6350,S,19575869.000000000000000,674621.000000000000000,+44.9143724,-093.4162539,21922.693703199998708,20234826.476799998432398,55343,330,330.000000000000000,55343,25185.000000000000000,16025.000000000000000,1785.000000000000000,4526.000000000000000,1987.000000000000000,92.000000000000000,677.000000000000000,0.363708556680564,0.179710144927536,0.070875521143538,0.078896168354179,0.003652968036530,black,13.103037522334724,26.000000000000000,2018,55343,ZCTA5 55343,median_hh_income,62127,4314
93,55344,55344,B5,G6350,S,22847658.000000000000000,1805478.000000000000000,+44.8638384,-093.4300085,29690.351883999999700,24634128.956000000238419,55344,148,148.000000000000000,55344,17097.000000000000000,8839.000000000000000,1878.000000000000000,3457.000000000000000,2409.000000000000000,1.000000000000000,404.000000000000000,0.483008714979236,0.202199216236767,0.109843832251272,0.140901912616248,0.000058489793531,black,8.656489442592267,26.000000000000000,2018,55344,ZCTA5 55344,median_hh_income,69264,4827
94,55345,55345,B5,G6350,S,29375580.000000000000000,727815.000000000000000,+44.9154425,-093.4844300,23644.894901399999071,30080394.897599998861551,55345,90,90.000000000000000,55345,21905.000000000000000,19979.000000000000000,447.000000000000000,382.000000000000000,424.000000000000000,30.000000000000000,619.000000000000000,0.087925131248573,0.017438940881077,0.020406299931522,0.019356311344442,0.001369550330975,latinx,4.108650992923990,26.000000000000000,2018,55345,ZCTA5 55345,median_hh_income,103182,5024
95,55346,55346,B5,G6350,S,17848137.000000000000000,625397.000000000000000,+44.8808048,-093.4820085,22626.475288800000271,18459422.842199999839067,55346,86,86.000000000000000,55346,16413.000000000000000,14002.000000000000000,296.000000000000000,606.000000000000000,880.000000000000000,23.000000000000000,403.000000000000000,0.146895753366234,0.036921952111131,0.018034484859563,0.053616036068970,0.001401328215439,asian,5.239748979467495,9.000000000000000,2018,55346,ZCTA5 55346,median_hh_income,114260,7483
96,55347,55347,B5,G6350,S,43704386.000000000000000,4615715.000000000000000,+44.8279856,-093.4623820,35928.794460400000389,48283068.483000002801418,55347,118,118.000000000000000,55347,30390.000000000000000,24331.000000000000000,801.000000000000000,389.000000000000000,3950.000000000000000,66.000000000000000,853.000000000000000,0.199374794340243,0.012800263244488,0.026357354392892,0.129976966107272,0.002171767028628,asian,3.882856202698256,68.000000000000000,2018,55347,ZCTA5 55347,median_hh_income,137804,7639
97,55349,55349,B5,G6350,S,169833979.000000000000000,10389806.000000000000000,+45.0586473,-094.0745392,75294.917248900004779,180111353.375000000000000,55349,12,12.000000000000000,55349,3880.000000000000000,3614.000000000000000,151.000000000000000,54.000000000000000,25.000000000000000,11.000000000000000,25.000000000000000,0.068556701030928,0.013917525773196,0.038917525773196,0.006443298969072,0.002835051546392,latinx,3.092783505154639,9.000000000000000,2018,55349,ZCTA5 55349,median_hh_income,63266,4917
98,55352,55352,B5,G6350,S,172877609.000000000000000,4238391.000000000000000,+44.6514753,-093.5926085,99653.639883199997712,176983910.937000006437302,55352,58,58.000000000000000,55352,9391.000000000000000,7978.000000000000000,1029.000000000000000,162.000000000000000,112.000000000000000,11.000000000000000,96.000000000000000,0.150463209455862,0.017250559045895,0.109572995421148,0.011926312426792,0.001171334256203,latinx,6.176126078159941,68.000000000000000,2018,55352,ZCTA5 55352,median_hh_income,71603,6133
99,55356,55356,B5,G6350,S,32331162.000000000000000,4154398.000000000000000,+44.9942451,-093.5896205,42372.899513900003512,36458301.474699996411800,55356,20,20.000000000000000,55356,5429.000000000000000,5101.000000000000000,59.000000000000000,62.000000000000000,107.000000000000000,0.000000000000000,100.000000000000000,0.060416282925032,0.011420151040707,0.010867563087125,0.019708970344446,0.000000000000000,asian,3.683919690550746,26.000000000000000,2018,55356,ZCTA5 55356,median_hh_income,132227,22286
100,55357,55357,B5,G6350,S,49188883.000000000000000,1559682.000000000000000,+45.1037223,-093.6742182,46964.860275400002138,50711338.163999997079372,55357,10,10.000000000000000,55357,3229.000000000000000,3160.000000000000000,22.000000000000000,6.000000000000000,22.000000000000000,0.000000000000000,19.000000000000000,0.021368844843605,0.001858160421183,0.006813254877671,0.006813254877671,0.000000000000000,latinx,3.096934035305048,26.000000000000000,2018,55357,ZCTA5 55357,median_hh_income,104821,16348
101,55359,55359,B5,G6350,S,108465138.000000000000000,9375202.000000000000000,+45.0073468,-093.6926125,72228.793727099997341,117754975.810000002384186,55359,17,17.000000000000000,55359,6349.000000000000000,5776.000000000000000,211.000000000000000,242.000000000000000,36.000000000000000,0.000000000000000,84.000000000000000,0.090250433139077,0.038116238777760,0.033233580091353,0.005670184280989,0.000000000000000,black,2.677587021578201,9.000000000000000,2018,55359,ZCTA5 55359,median_hh_income,97180,6661
102,55360,55360,B5,G6350,S,82972704.000000000000000,993386.000000000000000,+44.9159598,-093.9196449,80732.918124899995746,83909827.730499997735023,55360,20,20.000000000000000,55360,2774.000000000000000,2611.000000000000000,18.000000000000000,17.000000000000000,71.000000000000000,2.000000000000000,55.000000000000000,0.058759913482336,0.006128334534968,0.006488824801730,0.025594808940159,0.000720980533526,asian,7.209805335255948,9.000000000000000,2018,55360,ZCTA5 55360,median_hh_income,92500,11471
103,55363,55363,B5,G6350,S,70189227.000000000000000,557176.000000000000000,+45.0371917,-093.9183204,61602.249489599998924,70698832.217800006270409,55363,29,29.000000000000000,55363,4808.000000000000000,4371.000000000000000,221.000000000000000,47.000000000000000,23.000000000000000,6.000000000000000,140.000000000000000,0.090890183028286,0.009775374376040,0.045965058236273,0.004783693843594,0.001247920133111,latinx,6.031613976705491,9.000000000000000,2018,55363,ZCTA5 55363,median_hh_income,74476,4758
104,55364,55364,B5,G6350,S,40582323.000000000000000,17873235.000000000000000,+44.9369916,-093.6777947,56687.146777200003271,58412866.869199998676777,55364,64,64.000000000000000,55364,15269.000000000000000,14427.000000000000000,114.000000000000000,41.000000000000000,262.000000000000000,28.000000000000000,397.000000000000000,0.055144410242976,0.002685179121095,0.007466107800118,0.017158949505534,0.001833780863187,asian,4.191499115855655,9.000000000000000,2018,55364,ZCTA5 55364,median_hh_income,109236,8728
105,55367,55367,B5,G6350,S,53274908.000000000000000,539128.000000000000000,+44.8951421,-093.9757520,51008.547680999996373,53778876.656999997794628,55367,<=5,1.000000000000000,55367,1004.000000000000000,961.000000000000000,28.000000000000000,0.000000000000000,2.000000000000000,0.000000000000000,13.000000000000000,0.042828685258964,0.000000000000000,0.027888446215139,0.001992031872510,0.000000000000000,latinx,0.996015936254980,9.000000000000000,2018,55367,ZCTA5 55367,median_hh_income,72031,5953
106,55368,55368,B5,G6350,S,94871429.000000000000000,2201580.000000000000000,+44.7400632,-093.8997466,72660.280230400006985,97007358.777500003576279,55368,12,12.000000000000000,55368,2190.000000000000000,2075.000000000000000,66.000000000000000,5.000000000000000,6.000000000000000,0.000000000000000,38.000000000000000,0.052511415525114,0.002283105022831,0.030136986301370,0.002739726027397,0.000000000000000,latinx,5.479452054794520,9.000000000000000,2018,55368,ZCTA5 55368,median_hh_income,65938,11951
107,55369,55369,B5,G6350,S,62112947.000000000000000,4336833.000000000000000,+45.1274496,-093.4453952,52233.557272099998954,66398665.426299996674061,55369,281,281.000000000000000,55369,36800.000000000000000,30580.000000000000000,1508.000000000000000,1899.000000000000000,1812.000000000000000,134.000000000000000,808.000000000000000,0.169021739130435,0.051603260869565,0.040978260869565,0.049239130434783,0.003641304347826,black,7.635869565217392,26.000000000000000,2018,55369,ZCTA5 55369,median_hh_income,83952,3695
108,55372,55372,B5,G6350,S,149034241.000000000000000,10566454.000000000000000,+44.6823866,-093.4135879,80179.683462899993174,159477258.847999989986420,55372,131,131.000000000000000,55372,33286.000000000000000,30186.000000000000000,752.000000000000000,142.000000000000000,1099.000000000000000,378.000000000000000,687.000000000000000,0.093132247791864,0.004266057802079,0.022592080754672,0.033016883975245,0.011356125698492,asian,3.935588535720723,68.000000000000000,2018,55372,ZCTA5 55372,median_hh_income,109238,4471
109,55373,55373,B5,G6350,S,28475284.000000000000000,2330758.000000000000000,+45.0886207,-093.7211416,47990.737485099998594,30783870.915600001811981,55373,18,18.000000000000000,55373,5820.000000000000000,5372.000000000000000,343.000000000000000,0.000000000000000,17.000000000000000,14.000000000000000,74.000000000000000,0.076975945017182,0.000000000000000,0.058934707903780,0.002920962199313,0.002405498281787,latinx,3.092783505154639,26.000000000000000,2018,55373,ZCTA5 55373,median_hh_income,73199,10592
110,55374,55374,B5,G6350,S,92043229.000000000000000,2395029.000000000000000,+45.1755470,-093.5755317,70848.773202900003525,94367565.119900003075600,55374,89,89.000000000000000,55374,15078.000000000000000,13866.000000000000000,42.000000000000000,8.000000000000000,943.000000000000000,0.000000000000000,219.000000000000000,0.080382013529646,0.000530574346730,0.002785515320334,0.062541451120838,0.000000000000000,asian,5.902639607374984,26.000000000000000,2018,55374,ZCTA5 55374,median_hh_income,124214,10448
111,55375,55375,B5,G6350,S,13589681.000000000000000,807767.000000000000000,+44.9081067,-093.7215628,30361.448704300000827,14387154.382200000807643,55375,14,14.000000000000000,55375,4968.000000000000000,4471.000000000000000,111.000000000000000,82.000000000000000,243.000000000000000,6.000000000000000,55.000000000000000,0.100040257648953,0.016505636070853,0.022342995169082,0.048913043478261,0.001207729468599,asian,2.818035426731079,9.000000000000000,2018,55375,ZCTA5 55375,median_hh_income,101818,15442
112,55376,55376,B5,G6350,S,78157656.000000000000000,9658753.000000000000000,+45.2112494,-093.6878989,73312.922110700004851,87752492.911300003528595,55376,87,87.000000000000000,55376,17261.000000000000000,15368.000000000000000,339.000000000000000,710.000000000000000,541.000000000000000,26.000000000000000,277.000000000000000,0.109669196454435,0.041133190429291,0.019639650078211,0.031342332425700,0.001506285846706,black,5.040264179363884,26.000000000000000,2018,55376,ZCTA5 55376,median_hh_income,109647,6573
113,55378,55378,B5,G6350,S,37562121.000000000000000,1989701.000000000000000,+44.7572986,-093.3669709,36869.660567600003560,39520997.481299996376038,55378,164,164.000000000000000,55378,29926.000000000000000,23502.000000000000000,1067.000000000000000,2036.000000000000000,2444.000000000000000,42.000000000000000,797.000000000000000,0.214662834992983,0.068034485063156,0.035654614716300,0.081668114682884,0.001403461872619,asian,5.480184454988973,68.000000000000000,2018,55378,ZCTA5 55378,median_hh_income,111355,7172
114,55379,55379,B5,G6350,S,152635134.000000000000000,6181840.000000000000000,+44.7539755,-093.5146083,86609.932368900001165,158696543.757999986410141,55379,438,438.000000000000000,55379,44986.000000000000000,31738.000000000000000,3380.000000000000000,3105.000000000000000,4588.000000000000000,485.000000000000000,1571.000000000000000,0.294491619614991,0.069021473347264,0.075134486284622,0.101987284933090,0.010781131907705,asian,9.736362423865204,68.000000000000000,2018,55379,ZCTA5 55379,median_hh_income,84019,3093
115,55384,55384,B5,G6350,S,926861.000000000000000,664136.000000000000000,+44.9376208,-093.6351533,6399.543139090000295,1589822.814849999966100,55384,37,37.000000000000000,55384,1829.000000000000000,1665.000000000000000,7.000000000000000,62.000000000000000,17.000000000000000,0.000000000000000,69.000000000000000,0.089666484417715,0.033898305084746,0.003827227993439,0.009294696555495,0.000000000000000,black,20.229633679606344,26.000000000000000,2018,55384,ZCTA5 55384,median_hh_income,51738,4494
116,55386,55386,B5,G6350,S,17462731.000000000000000,2269088.000000000000000,+44.8632172,-093.6668823,29088.420818599999620,19717391.137400001287460,55386,27,27.000000000000000,55386,7646.000000000000000,7191.000000000000000,125.000000000000000,7.000000000000000,55.000000000000000,3.000000000000000,228.000000000000000,0.059508239602406,0.000915511378499,0.016348417473189,0.007193303688203,0.000392362019357,latinx,3.531258174208737,9.000000000000000,2018,55386,ZCTA5 55386,median_hh_income,147297,9703
117,55387,55387,B5,G6350,S,81229043.000000000000000,19949799.000000000000000,+44.8692632,-093.7789442,66558.012982100000954,101107290.459000006318092,55387,58,58.000000000000000,55387,13344.000000000000000,12605.000000000000000,280.000000000000000,125.000000000000000,85.000000000000000,4.000000000000000,221.000000000000000,0.055380695443645,0.009367505995204,0.020983213429257,0.006369904076739,0.000299760191847,latinx,4.346522781774580,9.000000000000000,2018,55387,ZCTA5 55387,median_hh_income,95530,7400
118,55388,55388,B5,G6350,S,103928681.000000000000000,4642343.000000000000000,+44.9559775,-093.8402848,72127.516345900003216,108496094.732999995350838,55388,27,27.000000000000000,55388,5858.000000000000000,5679.000000000000000,106.000000000000000,0.000000000000000,0.000000000000000,21.000000000000000,52.000000000000000,0.030556503926255,0.000000000000000,0.018094912939570,0.000000000000000,0.003584841242745,latinx,4.609081597814954,9.000000000000000,2018,55388,ZCTA5 55388,median_hh_income,85596,6661
119,55390,55390,B5,G6350,S,90743414.000000000000000,5127921.000000000000000,+45.0651727,-093.9795556,72212.565253199994913,95808670.429499998688698,55390,12,12.000000000000000,55390,2548.000000000000000,2424.000000000000000,25.000000000000000,17.000000000000000,10.000000000000000,4.000000000000000,59.000000000000000,0.048665620094192,0.006671899529042,0.009811616954474,0.003924646781790,0.001569858712716,latinx,4.709576138147566,9.000000000000000,2018,55390,ZCTA5 55390,median_hh_income,82361,5949
120,55391,55391,B5,G6350,S,44048157.000000000000000,28295610.000000000000000,+44.9564007,-093.5389926,70966.391851199994562,72289171.989999994635582,55391,126,126.000000000000000,55391,16322.000000000000000,15474.000000000000000,130.000000000000000,254.000000000000000,315.000000000000000,4.000000000000000,145.000000000000000,0.051954417350815,0.015561818404607,0.007964710207082,0.019299105501777,0.000245068006372,asian,7.719642200710697,26.000000000000000,2018,55391,ZCTA5 55391,median_hh_income,114414,9979
121,55395,55395,B5,G6350,S,53109290.000000000000000,2556778.000000000000000,+44.9518332,-094.0677137,37692.082777099996747,55631226.818499997258186,55395,14,14.000000000000000,55395,2898.000000000000000,2744.000000000000000,131.000000000000000,7.000000000000000,0.000000000000000,0.000000000000000,16.000000000000000,0.053140096618357,0.002415458937198,0.045203588681850,0.000000000000000,0.000000000000000,latinx,4.830917874396135,9.000000000000000,2018,55395,ZCTA5 55395,median_hh_income,60391,5314
122,55397,55397,B5,G6350,S,70653531.000000000000000,3139577.000000000000000,+44.8238121,-093.9379711,56462.141705900001398,73744010.717700004577637,55397,8,8.000000000000000,55397,2825.000000000000000,2581.000000000000000,3.000000000000000,127.000000000000000,14.000000000000000,44.000000000000000,56.000000000000000,0.086371681415929,0.044955752212389,0.001061946902655,0.004955752212389,0.015575221238938,black,2.831858407079646,9.000000000000000,2018,55397,ZCTA5 55397,median_hh_income,80375,8798
123,55398,55398,B5,G6350,S,201259402.000000000000000,10371041.000000000000000,+45.4648192,-093.6120288,112753.139863999997033,211472766.541000008583069,55398,44,44.000000000000000,55398,15891.000000000000000,14878.000000000000000,181.000000000000000,45.000000000000000,174.000000000000000,0.000000000000000,613.000000000000000,0.063746774904034,0.002831791580140,0.011390095022340,0.010949594109874,0.000000000000000,latinx,2.768862878358819,1.000000000000000,2018,55398,ZCTA5 55398,median_hh_income,87485,7165
124,55401,55401,B5,G6350,S,2333355.000000000000000,376155.000000000000000,+44.9845770,-093.2690965,10262.010142600000108,2707373.180279999971390,55401,64,64.000000000000000,55401,9595.000000000000000,7007.000000000000000,276.000000000000000,809.000000000000000,1004.000000000000000,67.000000000000000,417.000000000000000,0.269723814486712,0.084314747264200,0.028764981761334,0.104637832204273,0.006982803543512,asian,6.670140698280353,26.000000000000000,2018,55401,ZCTA5 55401,median_hh_income,88584,7429
125,55402,55402,B5,G6350,S,460409.000000000000000,0.000000000000000,+44.9760395,-093.2714441,3479.684104620000198,460045.214983000012580,55402,7,7.000000000000000,55402,408.000000000000000,229.000000000000000,7.000000000000000,74.000000000000000,69.000000000000000,0.000000000000000,29.000000000000000,0.438725490196078,0.181372549019608,0.017156862745098,0.169117647058824,0.000000000000000,black,17.156862745098039,26.000000000000000,2018,55402,ZCTA5 55402,median_hh_income,53580,31651
126,55403,55403,B5,G6350,S,3531162.000000000000000,41311.000000000000000,+44.9705652,-093.2840615,12359.727090599999428,3569659.777199999894947,55403,135,135.000000000000000,55403,16588.000000000000000,11544.000000000000000,949.000000000000000,2275.000000000000000,844.000000000000000,54.000000000000000,922.000000000000000,0.304075235109718,0.137147335423197,0.057210031347962,0.050880154328430,0.003255365324331,black,8.138413310827103,26.000000000000000,2018,55403,ZCTA5 55403,median_hh_income,47865,4455
127,55404,55404,B5,G6350,S,4577211.000000000000000,0.000000000000000,+44.9619964,-093.2612078,13479.357600800000000,4573599.387620000168681,55404,761,761.000000000000000,55404,27195.000000000000000,10273.000000000000000,3239.000000000000000,10443.000000000000000,1240.000000000000000,1006.000000000000000,892.000000000000000,0.622246736532451,0.384004412575841,0.119102776245633,0.045596617025188,0.036992094134951,black,27.983085125942267,26.000000000000000,2018,55404,ZCTA5 55404,median_hh_income,26908,2510
128,55405,55405,B5,G6350,S,7219407.000000000000000,493817.000000000000000,+44.9726721,-093.3016713,21493.393011299998761,7707173.480890000239015,55405,186,186.000000000000000,55405,16169.000000000000000,10783.000000000000000,1025.000000000000000,2524.000000000000000,833.000000000000000,99.000000000000000,862.000000000000000,0.333106561939514,0.156101181272806,0.063392912363164,0.051518337559527,0.006122827633125,black,11.503494341022945,26.000000000000000,2018,55405,ZCTA5 55405,median_hh_income,57840,4491
129,55406,55406,B5,G6350,S,12954604.000000000000000,572948.000000000000000,+44.9386895,-093.2210422,17560.256140099998447,13516845.047599999234080,55406,283,283.000000000000000,55406,33456.000000000000000,24318.000000000000000,2346.000000000000000,4099.000000000000000,987.000000000000000,287.000000000000000,1349.000000000000000,0.273134863701578,0.122519129603061,0.070121951219512,0.029501434720230,0.008578431372549,black,8.458871353419417,26.000000000000000,2018,55406,ZCTA5 55406,median_hh_income,65631,3265
130,55407,55407,B5,G6350,S,10465048.000000000000000,261156.000000000000000,+44.9350355,-093.2530287,15638.825447699999131,10717733.637499999254942,55407,813,813.000000000000000,55407,41671.000000000000000,19149.000000000000000,9994.000000000000000,8891.000000000000000,681.000000000000000,751.000000000000000,1999.000000000000000,0.540471790933743,0.213361810371721,0.239831057570013,0.016342300400758,0.018022125698927,latinx,19.509970963019846,26.000000000000000,2018,55407,ZCTA5 55407,median_hh_income,59767,2642
131,55408,55408,B5,G6350,S,7043361.000000000000000,1418644.000000000000000,+44.9404245,-093.2926389,16290.477888199999143,8455355.646209999918938,55408,578,578.000000000000000,55408,31090.000000000000000,18801.000000000000000,4380.000000000000000,5283.000000000000000,1035.000000000000000,161.000000000000000,1410.000000000000000,0.395271791572853,0.169926021228691,0.140881312319074,0.033290447089096,0.005178513991637,black,18.591186876809264,26.000000000000000,2018,55408,ZCTA5 55408,median_hh_income,54887,1503
132,55409,55409,B5,G6350,S,3216085.000000000000000,0.000000000000000,+44.9303259,-093.2814770,8547.500081219999629,3213550.690059999935329,55409,148,148.000000000000000,55409,11674.000000000000000,8214.000000000000000,1511.000000000000000,978.000000000000000,381.000000000000000,111.000000000000000,473.000000000000000,0.296385129347267,0.083775912283707,0.129432927873908,0.032636628405003,0.009508309062875,latinx,12.677745417166353,26.000000000000000,2018,55409,ZCTA5 55409,median_hh_income,76443,4727
133,55410,55410,B5,G6350,S,7710251.000000000000000,0.000000000000000,+44.9118214,-093.3196436,16100.098926299999221,7704200.811069999821484,55410,81,81.000000000000000,55410,20358.000000000000000,18034.000000000000000,578.000000000000000,334.000000000000000,757.000000000000000,46.000000000000000,609.000000000000000,0.114156596915218,0.016406326751154,0.028391787012477,0.037184399253365,0.002259553983692,asian,3.978779840848806,26.000000000000000,2018,55410,ZCTA5 55410,median_hh_income,116851,5509
134,55411,55411,B5,G6350,S,10510843.000000000000000,180009.000000000000000,+44.9990094,-093.2983634,15722.344716600000538,10682446.106799999251962,55411,554,554.000000000000000,55411,31850.000000000000000,5139.000000000000000,3237.000000000000000,15809.000000000000000,4993.000000000000000,512.000000000000000,2078.000000000000000,0.838649921507064,0.496357927786499,0.101632653061224,0.156766091051805,0.016075353218210,black,17.394034536891677,26.000000000000000,2018,55411,ZCTA5 55411,median_hh_income,39397,2248
135,55412,55412,B5,G6350,S,9407441.000000000000000,210276.000000000000000,+45.0274807,-093.3035591,14639.709316700000272,9610155.142920000478625,55412,261,261.000000000000000,55412,23200.000000000000000,9204.000000000000000,1540.000000000000000,8722.000000000000000,2309.000000000000000,208.000000000000000,1133.000000000000000,0.603275862068966,0.375948275862069,0.066379310344828,0.099525862068966,0.008965517241379,black,11.250000000000000,26.000000000000000,2018,55412,ZCTA5 55412,median_hh_income,44896,4008
136,55413,55413,B5,G6350,S,8544645.000000000000000,303866.000000000000000,+44.9994632,-093.2416770,22252.450974399998813,8841519.363619999960065,55413,158,158.000000000000000,55413,13945.000000000000000,9310.000000000000000,1523.000000000000000,1994.000000000000000,458.000000000000000,83.000000000000000,560.000000000000000,0.332377196127644,0.142990319110792,0.109214772319828,0.032843313015418,0.005951954105414,black,11.330225887414844,26.000000000000000,2018,55413,ZCTA5 55413,median_hh_income,59907,5873
137,55414,55414,B5,G6350,S,8763512.000000000000000,433948.000000000000000,+44.9794865,-093.2273136,22913.136125100001664,9190175.178980000317097,55414,265,265.000000000000000,55414,34725.000000000000000,24066.000000000000000,1398.000000000000000,2510.000000000000000,4955.000000000000000,405.000000000000000,1353.000000000000000,0.306954643628510,0.072282217422606,0.040259179265659,0.142692584593233,0.011663066954644,asian,7.631389488840893,26.000000000000000,2018,55414,ZCTA5 55414,median_hh_income,37111,1789
138,55415,55415,B5,G6350,S,1107972.000000000000000,0.000000000000000,+44.9747995,-093.2576471,5399.847735610000200,1107097.312129999976605,55415,49,49.000000000000000,55415,4480.000000000000000,2542.000000000000000,105.000000000000000,1325.000000000000000,192.000000000000000,154.000000000000000,152.000000000000000,0.432589285714286,0.295758928571429,0.023437500000000,0.042857142857143,0.034375000000000,black,10.937499999999998,26.000000000000000,2018,55415,ZCTA5 55415,median_hh_income,101563,21056
139,55416,55416,B5,G6350,S,18961493.000000000000000,2641555.000000000000000,+44.9501915,-093.3363252,33426.540322799999558,21586141.843800000846386,55416,290,290.000000000000000,55416,32171.000000000000000,27152.000000000000000,1062.000000000000000,1650.000000000000000,1140.000000000000000,128.000000000000000,885.000000000000000,0.156010071182121,0.051288427465730,0.033011096950670,0.035435640794504,0.003978738615523,black,9.014329675794970,26.000000000000000,2018,55416,ZCTA5 55416,median_hh_income,81532,3374
140,55417,55417,B5,G6350,S,14159382.000000000000000,1455615.000000000000000,+44.9044401,-093.2304067,27393.901803199998540,15602639.140100000426173,55417,155,155.000000000000000,55417,26481.000000000000000,20807.000000000000000,958.000000000000000,2431.000000000000000,353.000000000000000,252.000000000000000,1538.000000000000000,0.214266832823534,0.091801669121257,0.036176881537706,0.013330312299384,0.009516256938937,black,5.853253275933688,61.000000000000000,2018,55417,ZCTA5 55417,median_hh_income,85674,3676
141,55418,55418,B5,G6350,S,17546164.000000000000000,327585.000000000000000,+45.0213178,-093.2428530,22767.893311600000743,17859600.623399998992682,55418,322,322.000000000000000,55418,30211.000000000000000,22755.000000000000000,2469.000000000000000,1988.000000000000000,784.000000000000000,580.000000000000000,1585.000000000000000,0.246797524080633,0.065803846281156,0.081725199430671,0.025950812617921,0.019198305253054,latinx,10.658369468074543,1.000000000000000,2018,55418,ZCTA5 55418,median_hh_income,67518,3136
142,55419,55419,B5,G6350,S,10915106.000000000000000,291556.000000000000000,+44.9057987,-093.2876534,15122.772979100000157,11197844.974600000306964,55419,188,188.000000000000000,55419,27109.000000000000000,21905.000000000000000,1389.000000000000000,1759.000000000000000,1015.000000000000000,178.000000000000000,857.000000000000000,0.191965767826183,0.064886200154930,0.051237596370209,0.037441440112140,0.006566085064001,black,6.934966247371722,26.000000000000000,2018,55419,ZCTA5 55419,median_hh_income,106280,3291
143,55420,55420,B5,G6350,S,16823279.000000000000000,240934.000000000000000,+44.8359691,-093.2771760,19999.276723899998615,17050777.434900000691414,55420,316,316.000000000000000,55420,21970.000000000000000,13358.000000000000000,2768.000000000000000,2941.000000000000000,1746.000000000000000,115.000000000000000,1028.000000000000000,0.391989076012745,0.133864360491579,0.125989986345016,0.079472007282658,0.005234410559854,black,14.383249886208468,18.000000000000000,2018,55420,ZCTA5 55420,median_hh_income,56742,5164
144,55421,55421,B5,G6350,S,16257423.000000000000000,867761.000000000000000,+45.0508844,-093.2538123,20495.286101500001678,17111655.860800001770258,55421,493,493.000000000000000,55421,27998.000000000000000,16962.000000000000000,2812.000000000000000,4730.000000000000000,1566.000000000000000,260.000000000000000,1477.000000000000000,0.394171012215158,0.168940638617044,0.100435745410386,0.055932566611901,0.009286377598400,black,17.608400600042859,1.000000000000000,2018,55421,ZCTA5 55421,median_hh_income,53248,1828
145,55422,55422,B5,G6350,S,21490818.000000000000000,1211253.000000000000000,+45.0092748,-093.3411048,25019.149322099998244,22684316.828699998557568,55422,320,320.000000000000000,55422,29243.000000000000000,21967.000000000000000,1537.000000000000000,3111.000000000000000,823.000000000000000,214.000000000000000,1464.000000000000000,0.248811681428034,0.106384433881613,0.052559586909688,0.028143487330301,0.007317990630236,black,10.942789727456145,26.000000000000000,2018,55422,ZCTA5 55422,median_hh_income,70528,3882
146,55423,55423,B5,G6350,S,18012639.000000000000000,370622.000000000000000,+44.8744604,-093.2825287,20636.411122299999988,18368781.570099998265505,55423,486,486.000000000000000,55423,36186.000000000000000,22235.000000000000000,6244.000000000000000,3672.000000000000000,2343.000000000000000,74.000000000000000,1552.000000000000000,0.385535842591057,0.101475708837672,0.172552921019179,0.064748797877632,0.002044989775051,latinx,13.430608522633063,26.000000000000000,2018,55423,ZCTA5 55423,median_hh_income,63428,3093
147,55424,55424,B5,G6350,S,6293509.000000000000000,202309.000000000000000,+44.9050241,-093.3448654,12076.820107400000779,6490738.401619999669492,55424,84,84.000000000000000,55424,9948.000000000000000,9193.000000000000000,174.000000000000000,118.000000000000000,260.000000000000000,11.000000000000000,185.000000000000000,0.075894652191395,0.011861680739847,0.017490952955368,0.026135906714918,0.001105749899477,asian,8.443908323281061,26.000000000000000,2018,55424,ZCTA5 55424,median_hh_income,168158,16559
148,55425,55425,B5,G6350,S,12240127.000000000000000,5613551.000000000000000,+44.8512209,-093.2259882,21356.176054299998214,17839550.269400000572205,55425,172,172.000000000000000,55425,10435.000000000000000,5746.000000000000000,2015.000000000000000,1692.000000000000000,529.000000000000000,29.000000000000000,399.000000000000000,0.449353138476282,0.162146621945376,0.193100143747005,0.050694777192142,0.002779108768567,latinx,16.482989937709629,18.000000000000000,2018,55425,ZCTA5 55425,median_hh_income,60181,6520
149,55426,55426,B5,G6350,S,17486828.000000000000000,496375.000000000000000,+44.9583108,-093.3741120,30313.625971400000708,17969211.934799998998642,55426,271,271.000000000000000,55426,26550.000000000000000,20756.000000000000000,737.000000000000000,2806.000000000000000,1144.000000000000000,41.000000000000000,906.000000000000000,0.218229755178908,0.105687382297552,0.027758945386064,0.043088512241055,0.001544256120527,black,10.207156308851223,26.000000000000000,2018,55426,ZCTA5 55426,median_hh_income,72382,4753
150,55427,55427,B5,G6350,S,18688495.000000000000000,199996.000000000000000,+45.0054990,-093.3791505,20603.492793099998380,18873815.073199998587370,55427,248,248.000000000000000,55427,22966.000000000000000,17827.000000000000000,723.000000000000000,2659.000000000000000,836.000000000000000,138.000000000000000,760.000000000000000,0.223765566489593,0.115779848471654,0.031481320212488,0.036401637202822,0.006008882696160,black,10.798571801793956,26.000000000000000,2018,55427,ZCTA5 55427,median_hh_income,75678,4433
151,55428,55428,B5,G6350,S,20990039.000000000000000,146220.000000000000000,+45.0629501,-093.3813620,29093.022346699999616,21119834.010299999266863,55428,793,793.000000000000000,55428,31222.000000000000000,16777.000000000000000,2925.000000000000000,7520.000000000000000,2455.000000000000000,50.000000000000000,1365.000000000000000,0.462654538466466,0.240855806802895,0.093683940810967,0.078630452885786,0.001601434885658,black,25.398757286528728,26.000000000000000,2018,55428,ZCTA5 55428,median_hh_income,53786,3696
152,55429,55429,B5,G6350,S,16101963.000000000000000,796790.000000000000000,+45.0635523,-093.3410968,25474.493538399998215,16885539.686000000685453,55429,515,515.000000000000000,55429,27597.000000000000000,11298.000000000000000,3198.000000000000000,8613.000000000000000,3586.000000000000000,155.000000000000000,646.000000000000000,0.590607674747255,0.312099141211001,0.115882161104468,0.129941660325398,0.005616552523825,black,18.661448708192918,26.000000000000000,2018,55429,ZCTA5 55429,median_hh_income,49717,3205
153,55430,55430,B5,G6350,S,14627470.000000000000000,539160.000000000000000,+45.0676760,-093.3020893,22385.092702699999791,15154714.994000000879169,55430,471,471.000000000000000,55430,22935.000000000000000,8290.000000000000000,3228.000000000000000,6350.000000000000000,3504.000000000000000,99.000000000000000,1464.000000000000000,0.638543710486157,0.276869413560061,0.140745585349902,0.152779594506213,0.004316546762590,black,20.536298234139963,26.000000000000000,2018,55430,ZCTA5 55430,median_hh_income,52906,3632
154,55431,55431,B5,G6350,S,20715086.000000000000000,626417.000000000000000,+44.8245343,-093.3126020,22656.634584999999788,21324760.460400000214577,55431,120,120.000000000000000,55431,18337.000000000000000,14885.000000000000000,521.000000000000000,1100.000000000000000,821.000000000000000,31.000000000000000,953.000000000000000,0.188253258439221,0.059988002399520,0.028412499318318,0.044772863609096,0.001690570976714,black,6.544145716311284,18.000000000000000,2018,55431,ZCTA5 55431,median_hh_income,81622,4341
155,55432,55432,B5,G6350,S,25550257.000000000000000,1621346.000000000000000,+45.0967016,-093.2537258,24916.028561899998749,27150131.353799998760223,55432,394,394.000000000000000,55432,30323.000000000000000,19742.000000000000000,2742.000000000000000,4399.000000000000000,1780.000000000000000,362.000000000000000,1275.000000000000000,0.348943046532335,0.145071397948752,0.090426408996471,0.058701315832866,0.011938132770504,black,12.993437324802954,1.000000000000000,2018,55432,ZCTA5 55432,median_hh_income,60322,3728
156,55433,55433,B5,G6350,S,30080899.000000000000000,1441756.000000000000000,+45.1604112,-093.3148393,31158.658640800000285,31497924.618999999016523,55433,327,327.000000000000000,55433,34606.000000000000000,28273.000000000000000,1410.000000000000000,2480.000000000000000,1112.000000000000000,52.000000000000000,1205.000000000000000,0.183002947465757,0.071663873316766,0.040744379587355,0.032133156100098,0.001502629601803,black,9.449228457492920,1.000000000000000,2018,55433,ZCTA5 55433,median_hh_income,64158,3645
157,55434,55434,B5,G6350,S,23829852.000000000000000,163767.000000000000000,+45.1636857,-093.2504336,26622.078337599999941,23974644.657600000500679,55434,234,234.000000000000000,55434,30559.000000000000000,23284.000000000000000,1193.000000000000000,2571.000000000000000,2341.000000000000000,207.000000000000000,921.000000000000000,0.238064072777251,0.084132334173239,0.039039235577080,0.076605909879250,0.006773781864590,black,7.657318629536307,1.000000000000000,2018,55434,ZCTA5 55434,median_hh_income,67887,2980
158,55435,55435,B5,G6350,S,7639016.000000000000000,368783.000000000000000,+44.8739807,-093.3352547,12047.422035300000061,8001526.093120000325143,55435,118,118.000000000000000,55435,13744.000000000000000,9914.000000000000000,617.000000000000000,555.000000000000000,2200.000000000000000,19.000000000000000,270.000000000000000,0.278667054714785,0.040381257275902,0.044892316647264,0.160069848661234,0.001382421420256,asian,8.585564610011641,26.000000000000000,2018,55435,ZCTA5 55435,median_hh_income,67143,8613
159,55436,55436,B5,G6350,S,12260464.000000000000000,430036.000000000000000,+44.9041400,-093.3731569,16424.618759600001795,12680620.090399999171495,55436,151,151.000000000000000,55436,13181.000000000000000,12101.000000000000000,169.000000000000000,138.000000000000000,476.000000000000000,12.000000000000000,285.000000000000000,0.081936120172976,0.010469615355436,0.012821485471512,0.036112586298460,0.000910401335255,asian,11.455883468629088,26.000000000000000,2018,55436,ZCTA5 55436,median_hh_income,105702,10421
160,55437,55437,B5,G6350,S,16993648.000000000000000,1127335.000000000000000,+44.8243470,-093.3429960,28703.927160399998684,18106830.625500001013279,55437,139,139.000000000000000,55437,18183.000000000000000,14815.000000000000000,611.000000000000000,1364.000000000000000,894.000000000000000,7.000000000000000,443.000000000000000,0.185227960182588,0.075015124016939,0.033602815816972,0.049166804157730,0.000384974976627,black,7.644503107298026,68.000000000000000,2018,55437,ZCTA5 55437,median_hh_income,74650,5273
161,55438,55438,B5,G6350,S,21671940.000000000000000,1978561.000000000000000,+44.8231317,-093.3861097,32248.643471799998224,23632113.957100000232458,55438,101,101.000000000000000,55438,16469.000000000000000,13401.000000000000000,760.000000000000000,382.000000000000000,915.000000000000000,85.000000000000000,881.000000000000000,0.186289392191390,0.023195093812618,0.046147307061752,0.055558928896715,0.005161211974012,asian,6.132734227943408,68.000000000000000,2018,55438,ZCTA5 55438,median_hh_income,85338,5060
162,55439,55439,B5,G6350,S,12374361.000000000000000,341561.000000000000000,+44.8756305,-093.3747472,18244.022551099998964,12706030.820800000801682,55439,56,56.000000000000000,55439,8996.000000000000000,7723.000000000000000,179.000000000000000,318.000000000000000,458.000000000000000,16.000000000000000,302.000000000000000,0.141507336594042,0.035349044019564,0.019897732325478,0.050911516229435,0.001778568252557,asian,6.224988883948421,26.000000000000000,2018,55439,ZCTA5 55439,median_hh_income,129167,12337
163,55441,55441,B5,G6350,S,22348244.000000000000000,4052311.000000000000000,+45.0063206,-093.4246358,23265.475271600000269,26380174.771299999207258,55441,129,129.000000000000000,55441,18594.000000000000000,14493.000000000000000,1102.000000000000000,1394.000000000000000,1093.000000000000000,117.000000000000000,381.000000000000000,0.220555017747661,0.074970420565774,0.059266430031193,0.058782402925675,0.006292352371733,black,6.937721845756696,26.000000000000000,2018,55441,ZCTA5 55441,median_hh_income,78081,5605
164,55442,55442,B5,G6350,S,13703005.000000000000000,1261703.000000000000000,+45.0489203,-093.4262115,15963.995782699999836,14953155.705099999904633,55442,58,58.000000000000000,55442,12831.000000000000000,11348.000000000000000,287.000000000000000,455.000000000000000,302.000000000000000,0.000000000000000,405.000000000000000,0.115579456004988,0.035460992907801,0.022367703218767,0.023536746941002,0.000000000000000,black,4.520302392642819,26.000000000000000,2018,55442,ZCTA5 55442,median_hh_income,108396,7244
165,55443,55443,B5,G6350,S,23968102.000000000000000,490949.000000000000000,+45.1176769,-093.3381488,32237.448476599998685,24439910.691500000655651,55443,601,601.000000000000000,55443,31758.000000000000000,16201.000000000000000,885.000000000000000,8274.000000000000000,5062.000000000000000,39.000000000000000,1177.000000000000000,0.489860822469929,0.260532779142263,0.027866994143208,0.159392908873355,0.001228037030040,black,18.924365514201146,1.000000000000000,2018,55443,ZCTA5 55443,median_hh_income,81867,4213
166,55444,55444,B5,G6350,S,11464210.000000000000000,579176.000000000000000,+45.1040481,-093.3018126,25134.648319500000071,12033917.870899999514222,55444,227,227.000000000000000,55444,16515.000000000000000,6933.000000000000000,1246.000000000000000,4029.000000000000000,3490.000000000000000,11.000000000000000,730.000000000000000,0.580199818346957,0.243960036330609,0.075446563729942,0.211323039660914,0.000666061156524,black,13.745080230093853,1.000000000000000,2018,55444,ZCTA5 55444,median_hh_income,82083,5957
167,55445,55445,B5,G6350,S,20183262.000000000000000,103494.000000000000000,+45.1224406,-093.3791842,25824.304512499998964,20270976.657600000500679,55445,165,165.000000000000000,55445,12142.000000000000000,5472.000000000000000,534.000000000000000,2531.000000000000000,3243.000000000000000,2.000000000000000,360.000000000000000,0.549332894086641,0.208450008235875,0.043979575028826,0.267089441607643,0.000164717509471,asian,13.589194531378686,26.000000000000000,2018,55445,ZCTA5 55445,median_hh_income,83329,6223
168,55446,55446,B5,G6350,S,26293310.000000000000000,370612.000000000000000,+45.0391396,-093.4897008,23213.037466999998287,26643563.230099998414516,55446,133,133.000000000000000,55446,24473.000000000000000,16713.000000000000000,1061.000000000000000,1393.000000000000000,4527.000000000000000,88.000000000000000,647.000000000000000,0.317084133534916,0.056919870878111,0.043353900216565,0.184979365014506,0.003595799452458,asian,5.434560536101009,26.000000000000000,2018,55446,ZCTA5 55446,median_hh_income,117486,7033
169,55447,55447,B5,G6350,S,22796311.000000000000000,1526749.000000000000000,+45.0010956,-093.4895611,24086.622246099999757,24304495.289000000804663,55447,107,107.000000000000000,55447,21737.000000000000000,17845.000000000000000,907.000000000000000,791.000000000000000,1093.000000000000000,55.000000000000000,1027.000000000000000,0.179049546855592,0.036389566177485,0.041726089156737,0.050282927726917,0.002530247964301,asian,4.922482403275521,26.000000000000000,2018,55447,ZCTA5 55447,median_hh_income,97184,6505
170,55448,55448,B5,G6350,S,28139255.000000000000000,443262.000000000000000,+45.1936384,-093.3005442,35610.976501899996947,28560057.418800000101328,55448,201,201.000000000000000,55448,27787.000000000000000,23288.000000000000000,538.000000000000000,1727.000000000000000,1221.000000000000000,71.000000000000000,903.000000000000000,0.161910245798395,0.062151365746572,0.019361571958110,0.043941411451398,0.002555151689639,black,7.233598445316155,1.000000000000000,2018,55448,ZCTA5 55448,median_hh_income,76621,2315
171,55449,55449,B5,G6350,S,57882629.000000000000000,246977.000000000000000,+45.1765803,-093.1818576,35745.239619200001471,58083444.286100000143051,55449,154,154.000000000000000,55449,27946.000000000000000,22232.000000000000000,1499.000000000000000,972.000000000000000,2371.000000000000000,125.000000000000000,727.000000000000000,0.204465755385386,0.034781364059257,0.053639161239533,0.084842195663064,0.004472912044658,asian,5.510627639018106,1.000000000000000,2018,55449,ZCTA5 55449,median_hh_income,105784,3950
172,55450,55450,B5,G6350,S,9729098.000000000000000,17413.000000000000000,+44.8791989,-093.2250862,17613.502782399998978,9738790.718000000342727,55450,0,0.000000000000000,55450,9.000000000000000,9.000000000000000,0.000000000000000,0.000000000000000,0.000000000000000,0.000000000000000,0.000000000000000,0.000000000000000,0.000000000000000,0.000000000000000,0.000000000000000,0.000000000000000,black,0.000000000000000,26.000000000000000,2018,55450,ZCTA5 55450,median_hh_income,0,0
173,55454,55454,B5,G6350,S,1620925.000000000000000,139606.000000000000000,+44.9695244,-093.2412190,6869.089468639999723,1759140.148220000090078,55454,256,256.000000000000000,55454,10109.000000000000000,3067.000000000000000,270.000000000000000,5146.000000000000000,1187.000000000000000,36.000000000000000,396.000000000000000,0.696606983875754,0.509051340389752,0.026708873281235,0.117420120684539,0.003561183104165,black,25.323968740726087,26.000000000000000,2018,55454,ZCTA5 55454,median_hh_income,21035,2968
174,55455,55455,B5,G6350,S,687254.000000000000000,132301.000000000000000,+44.9719787,-093.2337788,7986.766940139999861,818902.499435000005178,55455,<=5,1.000000000000000,55455,1108.000000000000000,694.000000000000000,24.000000000000000,12.000000000000000,332.000000000000000,0.000000000000000,46.000000000000000,0.373646209386282,0.010830324909747,0.021660649819495,0.299638989169675,0.000000000000000,asian,0.902527075812274,26.000000000000000,2018,55455,ZCTA5 55455,median_hh_income,0,0
175,56011,56011,B5,G6350,S,269898800.000000000000000,4702454.000000000000000,+44.6025652,-093.7726409,129750.432104000006802,274407296.158999979496002,56011,26,26.000000000000000,56011,9311.000000000000000,8561.000000000000000,382.000000000000000,109.000000000000000,222.000000000000000,3.000000000000000,32.000000000000000,0.080549887230158,0.011706583610783,0.041026742562560,0.023842766620127,0.000322199548921,latinx,2.792396090645473,68.000000000000000,2018,56011,ZCTA5 56011,median_hh_income,86466,7934
176,56044,56044,B5,G6350,S,207866597.000000000000000,3691258.000000000000000,+44.5647072,-093.9568385,122257.994128000005730,211417466.650999993085861,56044,<=5,1.000000000000000,56044,2178.000000000000000,2134.000000000000000,19.000000000000000,7.000000000000000,1.000000000000000,1.000000000000000,16.000000000000000,0.020202020202020,0.003213957759412,0.008723599632691,0.000459136822773,0.000459136822773,latinx,0.459136822773186,68.000000000000000,2018,56044,ZCTA5 56044,median_hh_income,76136,7411
177,56071,56071,B5,G6350,S,215214155.000000000000000,5902193.000000000000000,+44.5349711,-093.5794240,90123.875727399994503,220951241.546999990940094,56071,89,89.000000000000000,56071,12742.000000000000000,11866.000000000000000,424.000000000000000,6.000000000000000,133.000000000000000,139.000000000000000,174.000000000000000,0.068749018992309,0.000470883691728,0.033275780882122,0.010437921833307,0.010908805525035,latinx,6.984774760634123,68.000000000000000,2018,56071,ZCTA5 56071,median_hh_income,86155,4592